1.76376955938417 1.76319068911762 1.86786571449496 2.21258987320728 1.63761502086654 1.67065632879779 1.86231461291137 NA
-12.1497055640626 -12.1005567895212 -12.1005567895212 -11.9971207350943 -12.1005567895212 -12.1005567895212 -12.1005567895212 -12.1005567895212
-12.3398074256693 -11.321583304311 -11.7984749394266 -10.9383404127268 -11.2825430449906 -11.6694919658176 -11.5405089922086 -11.4115260185996
-11.4105146168123 -11.3231626630732 -10.7889164953411 -9.2732998286203 -10.4833477139318 -10.7125242999888 -10.6361321046365 -10.5597399092842
-9.54672901016888 -10.493006188548 -9.18130687049646 -8.6498272220249 -9.75653133928818 -9.32511298769439 -9.46891910489232 -9.61272522209025
-8.54709112009086 -8.98353863314479 -8.6208171974513 -8.32821284573151 -9.15019054687517 -8.75316053480726 -8.88550387216323 -9.0178472095192
-9.05817503535911 -8.22637253345117 -8.36508734662707 -7.81313147594583 -8.70543143649198 -8.45017336909329 -8.53525939155952 -8.62034541402575
-7.9393606576638 -8.73289271516986 -7.91368327345351 -7.92280266343381 -8.45269851497144 -8.04843708383299 -8.18319089421248 -8.31794470459196
-8.54772294284183 -8.00078424451526 -8.07940004239807 -8.74102125415016 -8.40854299852758 -8.16168578143045 -8.24397152046282 -8.3262572594952
-9.92765043785669 -8.68731405068912 -8.94431172026573 -10.8774777981171 -8.57675949121296 -8.85242366300254 -8.76053560573935 -8.66864754847615
-9.57019128035344 -10.0230688351773 -11.1171172114427 -9.51774484376872 -8.95001801422478 -10.5753424121382 -10.0335676128337 -9.49179281352925
-11.8323824709051 -10.002235425318 -9.78085133547497 -10.9466574084325 -9.5096142896108 -9.71304207400892 -9.64523281254288 -9.57742355107684
-10.2180259868292 -12.0748067389862 -11.2223063871009 -12.0545217598839 -10.2297663898649 -10.9741713877919 -10.7260363884829 -10.4779013891739
-10.7274638158306 -11.0709710076086 -12.333014964718 -14.2169795592686 -11.0802967412269 -12.0198354088452 -11.7066558529724 -11.3934762970997
-14.1876898605845 -11.7410416867448 -14.4823893869924 -14.5777106346745 -12.0213068415275 -13.8671187506261 -13.2518481142599 -12.6365774778937
-15.9772076802161 -14.7310090013039 -14.8191227033571 -14.9911051357116 -13.0101898020396 -14.3668894780277 -13.9146562526984 -13.462423027369
-15.4201674522634 -16.3589740234907 -15.1976056272228 -15.2898080987826 -14.0021879499233 -14.8987512078979 -14.5998967885731 -14.3010423692482
-17.0729719972925 -16.0766632339571 -15.4499700901892 -17.363902059474 -14.9503220789881 -15.3250580873889 -15.2001460845886 -15.0752340817883
-15.3280080359534 -17.4934413398067 -17.4678108487263 -17.7071014860602 -15.8073605772623 -17.0526982808603 -16.6375857129943 -16.2224731451283
-18.3645527263633 -16.1441295192484 -17.7438638085699 -18.5677121236469 -16.5248927771969 -17.4391210507267 -17.1343782928834 -16.8296355350401
-18.0053685825764 -18.5253068764429 -18.5368762972468 -19.8817135066489 -17.0640130365286 -18.1686604820672 -17.8004446668877 -17.4322288517081
-18.7924662253373 -18.1421005278396 -19.7838172649209 -19.1191992132083 -17.3943552386996 -19.1864517583656 -18.5890862518102 -17.9917207452549
-19.4383811539095 -18.6073804130398 -18.9592652172785 -18.8432416250055 -17.4968213810752 -18.5936542582277 -18.2280432991769 -17.862432340126
-18.1365204241158 -18.9089461883297 -18.6317389353005 -18.0719188126836 -17.3667104413625 -18.315481811816 -17.9992246883315 -17.682967564847
-19.5345844253492 -17.6247487488581 -17.821826108566 -16.4277596456722 -17.0132669441846 -17.6196863174706 -17.4175465263753 -17.2154067352799
-15.4723625318488 -18.4614636073043 -16.153952793987 -15.7926456226019 -16.4587099433113 -16.2301420813181 -16.3063313686491 -16.3825206559802
-15.8366337414939 -14.9483544352695 -15.5062739962897 -15.4901245335778 -15.7318380334414 -15.5626650055776 -15.6190560148655 -15.6754470241534
-12.7604613835374 -14.9545261643386 -15.2069453557287 -14.4380547345252 -14.8712839745546 -15.1230300104352 -15.0391146651416 -14.9551993198481
-13.9102232369497 -13.9176371414356 -13.922477594639 -13.9178762406146 -13.9218487862051 -13.9223203925305 -13.922163190422 -13.9220059883135
-13.5611869327151 -14.0062754905979 -14.0062754905979 -12.158802090995 -14.0062754905979 -14.0062754905979 -14.0062754905979 -14.0062754905979
-12.5886493258898 -12.7336837259686 -11.9595814117226 -11.9527082895532 -13.0872301344476 -12.2414935924038 -12.5234057730851 -12.8053179537664
-11.3155198859655 -11.8102686242785 -11.8018072682956 -10.6727704381489 -12.2063054378076 -11.9029318106736 -12.0040563530516 -12.1051808954296
-9.96018683307246 -10.7060126242276 -10.5797970986886 -10.5541412864873 -11.4135887391402 -10.7882450088015 -10.9966929189144 -11.2051408290273
-11.4079345304671 -9.59898106869799 -10.5236890423257 -9.8482386395368 -10.7534592390897 -10.5811315915167 -10.6385741407077 -10.6960166898987
-9.95595896214308 -10.7803056461343 -9.87957634417545 -9.06911826667973 -10.2604374432638 -9.97479161894753 -10.0700068937196 -10.1652221684917
-10.8566930390379 -9.71969139682843 -9.1618492074235 -9.57820396917928 -9.96154725124856 -9.36177371837976 -9.56169822933603 -9.7616227402923
-10.6846922880629 -10.5890580193016 -9.73209208239654 -10.4128100680434 -9.87801844586598 -9.7685736732639 -9.80505526413126 -9.84153685499862
-12.0734103599187 -10.6585278556055 -10.6189049572406 -11.2215122219783 -10.017764046535 -10.4686197295642 -10.3183345018878 -10.1680492742114
-11.7122185179514 -12.0058972216844 -11.4657836135103 -11.6926213881905 -10.3730393143568 -11.1925975387219 -10.9194114639336 -10.6462253891452
-12.0191928034513 -11.986562262761 -11.9601913074938 -12.3217826030059 -10.9228144099903 -11.7008470831179 -11.4415028587421 -11.1821586343662
-10.9592232422339 -12.5074027686227 -12.5987847665608 -12.5112196988765 -11.636518454755 -12.3582181886093 -12.1176516106579 -11.8770850327065
-13.2857747707884 -11.9405540243286 -12.7863347050056 -14.4164774900959 -12.4785487348777 -12.7093882124736 -12.6324417199417 -12.5554952274097
-14.4153936911139 -14.0511098246759 -14.6789877217715 -15.2229757426372 -13.4099073925476 -14.3617176394655 -14.0444475571595 -13.7271774748535
-15.7738340235418 -15.1848957021695 -15.4594734172374 -15.9138832391451 -14.3862095455898 -15.1911574493255 -14.9228414814136 -14.6545255135017
-16.3992309092916 -16.4644196135861 -16.114359639326 -16.7188436434194 -15.3621903115543 -15.9263173073831 -15.7382749754401 -15.5502326434972
-18.264143726879 -17.1122474524165 -16.8699010779902 -18.1546794701296 -16.2884968250784 -16.7245500147622 -16.5791989515343 -16.4338478883063
-18.4566175844527 -18.6856772031358 -18.24675631454 -19.2407321292502 -17.1163650871901 -17.9641585077025 -17.681560700865 -17.3989628940275
-19.1897287225747 -18.8684336373146 -19.2706011439118 -21.1088904818183 -17.8038332370791 -18.9039091672036 -18.5372171904955 -18.1705252137873
-19.9497286530019 -19.4174633001226 -21.0755892684253 -18.6552811051406 -18.3166073856166 -20.3858437977231 -19.6960983270209 -19.0063528563187
-19.6714591958697 -19.927493017237 -18.5616214191282 -19.7204820595726 -18.6302586838242 -18.5787807353022 -18.5959400514762 -18.6130993676502
-20.3585669946057 -19.5554683993307 -19.5694947283277 -20.6142120039173 -18.7284134346035 -19.3592244048967 -19.1489540814656 -18.9386837580346
-19.7541385796081 -19.9012148371351 -20.4141693168865 -19.6778221111955 -18.6063378374891 -19.9622114470372 -19.5102535771878 -19.0582957073385
-18.8817519071463 -19.1837983597967 -19.4405201897593 -18.64468793246 -18.2720678224941 -19.148407097943 -18.8562940061267 -18.5641809143104
-17.8004636131822 -18.2260731637401 -18.379924101937 -17.9742402674849 -17.7417838810389 -18.2203890467125 -18.060853991488 -17.9013189362634
-16.3296899804429 -17.0855636863893 -17.6926286119065 -16.8330216170461 -17.0389527183418 -17.5292096385153 -17.3657906651241 -17.2023716917329
-16.6768315810379 -15.6353078330041 -16.5510427870337 -14.7546421123248 -16.198695251555 -16.462955903164 -16.3748690192944 -16.2867821354247
-12.9113850624302 -15.266983763705 -15.2640789928769 -15.2634634216166 -15.2660297563053 -15.264566683734 -15.2650543745911 -15.2655420654482
-9.67389500706863 -8.2620049661907 -8.2620049661907 -8.33364938861477 -8.2620049661907 -8.2620049661907 -8.2620049661907 -8.2620049661907
-7.52150714530563 -8.67880254946643 -8.1262584640434 -6.75160650690935 -7.55729842567107 -7.98401845445032 -7.84177844485723 -7.69953843526415
-7.12790487815529 -6.81077236009371 -6.59327876821279 -6.32920739614751 -6.83920238464491 -6.65475967232082 -6.71624057642885 -6.77772148053688
-4.87929922833735 -6.39920710327511 -6.23029153337793 -5.31547447429979 -6.16988256124452 -6.21518929034457 -6.20008704731122 -6.18498480427787
-4.11947833912868 -4.57883847189167 -5.28123679932728 -4.1867056626871 -5.60398525248441 -5.36192391261656 -5.44261102590584 -5.52329813919513
-5.21589522870234 -4.01115583188071 -4.22257020830788 -4.793024243969 -5.19034158780255 -4.46451305318155 -4.70645589805522 -4.94839874292888
-4.40253888665639 -4.98405560004648 -4.89500911971785 -4.52720393189559 -4.96375762157978 -4.91219624518333 -4.92938337064881 -4.94657049611429
-5.05879247228718 -4.49788602035763 -4.6871062595859 -6.08196452476458 -4.94367790736352 -4.7512491715303 -4.81539208347471 -4.87953499541911
-5.05001019771091 -5.22831619730725 -6.29111394950862 -5.98046535847042 -5.13687744816039 -6.00255482417156 -5.7139956988345 -5.42543657349745
-5.63800876714957 -5.46598981323595 -6.22511498306014 -6.34606482139211 -5.53499092294083 -6.05258396803032 -5.88005295300049 -5.70752193797066
-7.25499144480395 -6.20199370279239 -6.61500484526594 -6.63641595200931 -6.12016372045696 -6.49129456406369 -6.36758428286145 -6.2438740016592
-8.72731811289209 -7.76962179189378 -6.91962904518975 -8.64031005506802 -6.86819608889706 -6.90677080611658 -6.89391256704341 -6.88105432797023
-7.65281820390543 -9.22092844248128 -8.92210606245558 -8.57782469578876 -7.74417532702427 -8.62762337859776 -8.33314069473993 -8.0386580108821
-11.133912014857 -8.63537813031552 -8.84577999953978 -11.0277755579347 -8.707945672652 -8.81132141781783 -8.77686283609589 -8.74240425437394
-10.0026204344922 -11.6448527233289 -11.2721190491853 -11.3157402481177 -9.7178391612247 -10.8835490771952 -10.494979105205 -10.1064091332149
-11.6760075226708 -10.9529104472363 -11.5224148160147 -12.5537478544904 -10.7267006411592 -11.3234862723009 -11.124557728587 -10.9256291848731
-14.2796075975897 -12.4370740845768 -12.7086928800676 -14.2593723987178 -11.6830128251742 -12.4522728663443 -12.1958528526209 -11.9394328388976
-13.341373167941 -14.5984591441663 -14.3526444068689 -13.987199878929 -12.5359106022992 -13.8984609557264 -13.444277504584 -12.9900940534416
-12.588227769311 -13.8821932388189 -14.0162000718421 -15.111572567327 -13.2423915809161 -13.8227479491106 -13.6292958263791 -13.4358437036476
-13.4554422729435 -13.2489512687166 -15.0765752522092 -13.3926886942359 -13.7685720544093 -14.7495744527592 -14.4225736533092 -14.0955728538593
-14.3107652853311 -13.8418104237084 -13.29669488343 -16.2524866653904 -14.0905382502597 -13.4951557251375 -13.6936165668449 -13.8920774085523
-12.9883547404154 -14.3695435521608 -16.1008125752939 -14.5912511829703 -14.194611000154 -15.6242621815089 -15.1477117877239 -14.671161393939
-13.4510382764973 -13.1160000853469 -14.3881357498801 -14.2208481924319 -14.0741634907702 -14.3096426851026 -14.2311496203251 -14.1526565555477
-13.3202753789644 -13.241159701215 -13.9784852118481 -12.9281947029686 -13.7361256526806 -13.9178953220562 -13.8573054322643 -13.7967155424724
-13.1194696943448 -12.8693109825843 -12.6602146459027 -13.1110481768522 -13.1996325964149 -12.7950691335307 -12.9299236211588 -13.0647781087868
-12.4479892265515 -12.4278274498283 -12.8290702690827 -11.8072066169536 -12.49150310632 -12.744678478392 -12.6602866877013 -12.5758948970106
-9.20290353973686 -11.6098428373164 -11.5225978990758 -10.180175579641 -11.6444071406189 -11.5530502094616 -11.5835025198473 -11.6139548302331
-10.3295902942338 -10.6967255940668 -10.6996092294604 -10.6960974549487 -10.7015970341935 -10.7001061806437 -10.700603131827 -10.7011000830102
-16.3457396913988 -16.3847535866794 -16.3847535866794 -14.3163933125199 -16.3847535866794 -16.3847535866794 -16.3847535866794 -16.3847535866794
-13.060564810655 -15.7095735112932 -14.1102013121036 -13.9818807907097 -15.7405633498612 -14.517791821543 -14.9253823309824 -15.3329728404218
-14.0116016800498 -12.9455897427201 -13.8274041859184 -13.376940539605 -15.0743882514314 -14.1391502022966 -14.4508962186749 -14.7626422350532
-11.5369681731131 -13.6043276439784 -13.2802430032392 -11.675856442101 -14.4485290251126 -13.5723145087076 -13.8643860141759 -14.1564575196443
-13.2570400833134 -11.6028181006771 -11.6400181639543 -11.5890085612139 -13.9155530925382 -12.2089018961003 -12.7777856282463 -13.3466693603923
-10.909457531225 -12.9979976046979 -11.6178863812064 -10.0849936747458 -13.5210730808584 -12.0936830561194 -12.5694797310324 -13.0452764059454
-13.1275420205165 -11.2247750518258 -10.1765222263436 -10.8547922133372 -13.2992550211445 -10.9572054250438 -11.7378886237441 -12.5185718224443
-11.2470512576089 -13.1333458210764 -11.0014758457397 -13.4514258119057 -13.2697423057445 -11.5685424607409 -12.1356090757421 -12.7026756907433
-12.1792692679394 -11.833544326269 -13.6453512252139 -13.8310109502811 -13.4402249359271 -13.5940696528922 -13.5427880805705 -13.4915065082488
-12.4066573222169 -12.8096582986589 -14.066637836147 -13.2227872901365 -13.8112709884771 -14.0027961242295 -13.9389544123121 -13.8751127003946
-13.0024937186693 -13.2563298522818 -13.4888380920077 -13.8914689885442 -14.3720541462718 -13.7096421055738 -13.9304461191398 -14.1512501327058
-15.1646850710424 -14.0126857617067 -14.1745352249906 -15.2539925501423 -15.1005662785124 -14.4060429883711 -14.6375507517515 -14.869058515132
-17.5188344537584 -16.0145168442896 -15.5383339926587 -16.4404709672296 -15.9635854770067 -15.6446468637457 -15.7509597348327 -15.8572726059197
-17.6294844530169 -18.1536525428864 -16.7096393423763 -16.5730533168404 -16.9182743686265 -16.7617980989389 -16.8139568555014 -16.8661156120639
-18.2343070326662 -18.4838680598391 -16.8153764152098 -17.4873506496022 -17.9189338089871 -17.0912657636542 -17.3671551120985 -17.6430444605428
-19.0754910910214 -19.1723419128044 -17.6953968505533 -18.7577869998903 -18.9218320567601 -18.002005652105 -18.3086144536567 -18.6152232552084
-20.0558148384752 -20.0030217897721 -18.9202906287065 -18.8400387661371 -19.880966080338 -19.1604594916144 -19.4006283545223 -19.6407972174301
-20.6434294953991 -20.8889669587142 -18.9472851033058 -20.9323960539569 -20.7500796533193 -19.3979837408092 -19.8486823783126 -20.2993810158159
-22.1622278730159 -21.3996486274847 -20.976318809595 -23.6344155659132 -21.4843638591585 -21.1033300719858 -21.2303413343767 -21.3573525967676
-20.5495295765187 -22.5799370263493 -23.6082795305835 -23.3861104824242 -22.0414905008389 -23.2165822731473 -22.8248850157112 -22.433187758275
-19.7731837189109 -21.2068747358133 -23.2940599828876 -23.2138069427127 -22.3919814231061 -23.0685403429422 -22.8430207029969 -22.6175010630515
-21.4687942443137 -20.4423096451394 -23.065915286648 -21.3910349396662 -22.5224946026128 -22.9300601156392 -22.7942049446304 -22.6583497736216
-21.4848299469767 -21.5890828852072 -21.1909368643109 -20.87838134222 -22.4260668307433 -21.499719355919 -21.8085018475271 -22.1172843391352
-18.7385562143121 -21.3597970164491 -20.636357862073 -21.3762210340447 -22.1074480487888 -21.004130408752 -21.3719029554309 -21.7396755021099
-20.279884769702 -18.9092716007852 -21.1071383845179 -21.4661226498168 -21.5852775046422 -21.226673164549 -21.34620794458 -21.4657427246111
-16.7775926716153 -19.8479156545402 -21.1804459130388 -19.0325332730331 -20.8848259613071 -21.1065409251058 -21.0326359371729 -20.95873094924
-18.9620316410359 -16.777850195801 -18.7444373140559 -17.4681878814117 -20.0403415644027 -19.0684133766426 -19.3923894392293 -19.716365501816
-16.2634057556246 -19.0980564045552 -19.0954319256658 -19.0940142606052 -19.1002079157092 -19.0966259231767 -19.0978199206875 -19.0990139181984
