1.79021393139782 1.78542793201728 1.9079432239561 2.30125206236831 1.66789949129046 1.71469403277336 1.92581155646598 NA
-18.5154826040383 -18.9651741900792 -18.9651741900792 -19.3829569707937 -18.9651741900792 -18.9651741900792 -18.9651741900792 -18.9651741900792
-17.6729139649795 -17.8361835679174 -19.1544745832927 -16.9586544713643 -18.1933862916276 -18.9142025103765 -18.6739304374602 -18.4336583645439
-16.077772552373 -16.994795441082 -16.7865424042265 -15.2776334846064 -17.4082213055312 -16.9419621295527 -17.0973818548789 -17.252801580205
-15.0352184945795 -15.620267753242 -15.1701716591778 -15.9417425153532 -16.6770807627293 -15.5468989350656 -15.9236262109535 -16.3003534868414
-16.1710077708268 -14.755716080694 -15.905320967137 -15.7179958346367 -16.0598936378138 -15.9439641348062 -15.9826073024754 -16.0212504701446
-14.5878020003064 -15.6926436567998 -15.7527339199222 -14.885572783616 -15.6043825636707 -15.7156460808594 -15.6785582417965 -15.6414704027336
-15.9327871095837 -14.5361875055675 -14.9867016772865 -13.5592515727642 -15.3436861499197 -15.0759477954448 -15.1651939136031 -15.2544400317614
-12.8391381920715 -15.7665905883412 -13.7212950079553 -14.9999468234992 -15.2986510629769 -14.1156340217107 -14.5099730354661 -14.9043120492215
-14.9817558622254 -13.527738775528 -15.2184676941901 -15.4743132390598 -15.481399292556 -15.2842005937816 -15.3499334933731 -15.4156663929645
-16.0699948325708 -15.4903604404858 -15.7349931923952 -16.760378648019 -15.8872413244919 -15.7730552254194 -15.8111172584435 -15.8491792914677
-17.3163304984524 -16.65206740291 -17.0576666701706 -17.6716421407785 -16.506901131448 -16.9199752854899 -16.7822839008093 -16.6445925161286
-17.9944847169194 -17.9547159463905 -17.9842910749053 -18.4292946316572 -17.3117633461639 -17.8161591427199 -17.6480272105346 -17.4798952783492
-19.9319414923298 -18.8065209034147 -18.7424225454558 -20.7332901991574 -18.2642160421739 -18.6228709196353 -18.5033192938149 -18.3837676679944
-19.8798663299693 -20.6471089900302 -21.0349016655066 -19.675876822313 -19.3223875772031 -20.6067731434307 -20.1786446213548 -19.750516099279
-20.4724155380208 -20.8750468707412 -19.9451794748148 -22.0756978190103 -20.4322257571602 -20.0669410454011 -20.1887026159875 -20.3104641865738
-22.6261143431089 -21.5698676059351 -22.2998399877854 -24.4622887387437 -21.5379437282501 -22.1093659229015 -21.9188918580177 -21.7284177931339
-23.8733379325476 -23.4445601536844 -24.6262375165196 -23.8036996753858 -22.5801955101048 -24.1147270149159 -23.6032165133122 -23.0917060117085
-25.4818141191811 -24.5348974295281 -23.9033320391242 -24.7097474841067 -23.5077178918621 -23.8044285023087 -23.7055249654931 -23.6066214286776
-23.8792754343267 -25.8392981672442 -24.7364901718982 -26.4416820840953 -24.2712177958221 -24.6201720778791 -24.5038539838601 -24.3875358898411
-24.4841930555305 -24.5182469535383 -26.3935725950072 -23.6357557646959 -24.8295778376587 -26.00257390567 -25.6115752163329 -25.2205765269958
-25.1546593606953 -24.8848553614639 -23.521861026417 -26.1370036957009 -25.1592042457524 -23.9311968312509 -24.3405326360847 -24.7498684409186
-25.3690742926347 -25.2533368134749 -25.9729148310883 -26.0610626221935 -25.2569469439994 -25.7939228593161 -25.6149308875438 -25.4359389157716
-24.1898200118973 -25.2187309178804 -25.8561408922131 -24.1287573181963 -25.1296649989746 -25.6745219189035 -25.4929029455939 -25.3112839722842
-25.2277046600775 -24.0374675076031 -23.8842088790281 -22.9487983853172 -24.7840129171027 -24.1091598885467 -24.3341108980654 -24.559061907584
-24.5335399597227 -24.583425199562 -22.6703349968397 -23.0177779134892 -24.2309883206031 -23.0604983277806 -23.4506616587214 -23.8408249896622
-23.55796516976 -23.7276316881554 -22.7133790231234 -21.6241751808987 -23.4873063787406 -22.9068608620277 -23.100342700932 -23.2938245398363
-21.4172298957291 -22.6422427312643 -21.3137128247601 -21.5303230451967 -22.586116458526 -21.6318137332016 -21.9499146416431 -22.2680155500846
-19.6151683784189 -21.571724903735 -21.5732032161812 -21.5681971311324 -21.5740571390442 -21.573416696897 -21.5736301776127 -21.5738436583285
-10.7040107356751 -9.69270213548899 -9.69270213548899 -9.69606961667504 -9.69270213548899 -9.69270213548899 -9.69270213548899 -9.69270213548899
-8.98557124974622 -9.85225243929471 -9.48912331521585 -8.91057709238234 -9.04894146414742 -9.37907785244874 -9.26903238968163 -9.15898692691452
-9.47522612430766 -8.3293967758619 -8.75272643228789 -6.85035478143574 -8.3797335264013 -8.65947820581625 -8.5662299793446 -8.47298175287295
-9.11854993132888 -8.61583255840625 -6.74784387184555 -6.27408963672565 -7.74565185695777 -6.99729586812361 -7.24674786440166 -7.49619986067972
-6.210610553205 -8.29739977589281 -6.23897482494923 -5.71454452823722 -7.20686807202125 -6.48094813671723 -6.72292144848524 -6.96489476025324
-5.12141540686222 -6.02102876222755 -5.74803186748233 -6.83176518066357 -6.81238423847965 -6.01411996023166 -6.28020805298099 -6.54629614573032
-6.6783786514453 -5.2563020670416 -6.93221694334234 -7.28200560560432 -6.59948635403406 -6.84903429601527 -6.7658516486882 -6.68266900136113
-6.51035369098037 -6.65563240744574 -7.44459608040819 -6.27052416544003 -6.59296602810973 -7.23168856733358 -7.01878105425896 -6.80587354118434
-7.96340800277635 -6.74023980449913 -6.48859853272915 -6.4166604745087 -6.80586111641754 -6.56791417865125 -6.64722982457335 -6.72654547049545
-6.64859173230305 -8.15634105148326 -6.67855965504543 -8.7995493002429 -7.23686887663128 -6.81813696044189 -6.95771426583836 -7.09729157123482
-9.03700779645353 -7.40292747431722 -9.09053141018867 -8.58943994097383 -7.87021261990011 -8.78545171261653 -8.48037201504439 -8.17529231747225
-8.32256452090141 -9.60183868826492 -8.89116483889776 -10.3064253332234 -8.67502033538843 -8.83712871302043 -8.7830925871431 -8.72905646126577
-9.62857190079714 -9.3342127484453 -10.6063018592837 -12.2706154606458 -9.61417835338509 -10.3582709828091 -10.1102401063344 -9.86220922985975
-12.8845332687943 -10.6601381995531 -12.5591423751441 -12.9336797647655 -10.6487049984459 -12.0815330309696 -11.603923686795 -11.1263143426204
-13.6546415195242 -13.5123132930889 -13.1995528125296 -12.8740028538996 -11.7363317699564 -12.8337475518863 -12.467942291243 -12.1021370305997
-13.372906067575 -14.3496725237574 -13.0996433572192 -15.3648341791374 -12.8259049267288 -13.0312087495966 -12.962774141974 -12.8943395343514
-15.4605034204767 -14.2935711379491 -15.5325232175352 -15.0224616241603 -13.8590726873486 -15.1141605849886 -14.6957979524419 -14.2774353198953
-14.3544929157467 -16.0521444826358 -15.1227974487013 -16.9163512355712 -14.7800828353569 -15.0371187953652 -14.9514401420291 -14.865761488693
-16.945099429664 -15.2079386127255 -16.9506807374696 -16.209548352771 -15.5459967022859 -16.5995097286737 -16.2483387198778 -15.8971677110818
-17.2036811368042 -17.2362274728777 -16.180045313858 -17.2165560070479 -16.1248806732415 -16.1662541537039 -16.1524629935498 -16.1386718333956
-16.4109332479056 -17.347160586572 -17.1220903697776 -16.0649705656473 -16.4902389187305 -16.9641275070158 -16.806164644254 -16.6482017814923
-16.4504688105186 -16.5575432946002 -15.9050553048457 -15.7515984325235 -16.6205380281101 -16.0839259856618 -16.2627966664779 -16.441667347294
-16.7342710358542 -16.3649047356348 -15.5275556598989 -17.3833270777583 -16.4999955170252 -15.7706656241804 -16.013775588462 -16.2568855527436
-15.6195082154915 -16.3166966894874 -17.1096869109493 -15.1062072270531 -16.1306050301768 -16.8649164407561 -16.620145970563 -16.3753755003699
-15.7103590321978 -15.1263801832716 -14.8013783040723 -13.6039004991095 -15.5323588138537 -14.9841234315176 -15.166868558963 -15.3496136864084
-14.7913383575895 -14.8836484976012 -13.2890034445816 -12.8533398591529 -14.7422578983834 -13.6523170580321 -14.0156306714825 -14.378944284933
-13.2016478411768 -13.8458636361469 -12.5455590678353 -12.7050893944083 -13.8068776416263 -12.8608887112831 -13.1762183547308 -13.4915479981786
-11.4985662990577 -12.7794329387911 -12.7797392930317 -12.773528899748 -12.7806405310038 -12.7799646025247 -12.7801899120178 -12.7804152215108
-13.4785379853273 -14.8650116830496 -14.8650116830496 -12.5202776261922 -14.8650116830496 -14.8650116830496 -14.8650116830496 -14.8650116830496
-11.6427757606483 -12.9819058241297 -12.2863263797292 -12.4685039240819 -14.0832210289331 -12.7355500420302 -13.1847737043312 -13.6339973666321
-12.2249285305491 -11.347375049545 -12.2921709168 -12.1647117534855 -13.2858896314429 -12.5406005954607 -12.7890302741215 -13.0374599527822
-10.9280929504414 -11.7009819450292 -12.0558982669145 -12.0825419593343 -12.5437333034133 -12.1778570260392 -12.2998157851639 -12.4217745442886
-12.3609451236592 -10.6338780154172 -12.0455511467969 -10.0680514787874 -11.9172267649427 -12.0134700513333 -11.9813889558698 -11.9493078604062
-9.68415099237047 -11.8070431428645 -10.1030616688618 -9.56676323855742 -11.4545851222705 -10.4409425322139 -10.7788233955661 -11.1167042589183
-11.7016839368076 -9.78755551989254 -9.67352877261234 -11.0310796176434 -11.1938613369916 -10.0536119137072 -10.433695054802 -10.8137781958968
-10.6243578465655 -11.5601037770211 -11.2010444925191 -10.5674823810809 -11.1567259477562 -11.1899648563284 -11.1788852201377 -11.167805583947
-10.2445860232337 -10.9248867541725 -10.7880158897166 -11.4550147363104 -11.3477617682148 -10.9279523593411 -11.0678888289657 -11.2078252985902
-12.2668054287659 -10.8880597726777 -11.7198512368409 -11.6728712917981 -11.7643434147792 -11.7309742813254 -11.74209732581 -11.7532203702946
-11.2608137023866 -12.7914453271592 -11.9699508756581 -12.9957749001494 -12.3923255625731 -12.0755445473868 -12.1811382191156 -12.2867318908444
-15.3763902839065 -12.3032651710402 -13.3066823761924 -14.6384078550883 -13.2020569895118 -13.2805260295223 -13.2543696828521 -13.2282133361819
-12.4970128276786 -15.8753184555486 -14.9413424587254 -14.5344674726884 -14.1481841281098 -14.7430528760715 -14.5447632934176 -14.3464737107637
-14.9707238648357 -13.8665763774884 -14.8128962065385 -17.2805097896911 -15.1781483617873 -14.9042092453507 -14.9955222841629 -15.0868353229751
-17.5168613445853 -16.0818594127541 -17.5308543035938 -18.4979478947654 -16.2466225472562 -17.2097963645094 -16.888738425425 -16.5676804863406
-17.7720229717439 -18.3183634969804 -18.711983089337 -18.6870169739046 -17.3093769554197 -18.3613315558576 -18.0106800223783 -17.660028488899
-20.8504708543521 -18.685086375867 -18.851057767921 -18.2523743900273 -18.317593582418 -18.7176917215452 -18.5843256751695 -18.4509596287937
-19.1261686093912 -21.2341520749664 -18.3561420168439 -20.2910875379999 -19.2222161427777 -18.5726605483274 -18.7891790798108 -19.0056976112943
-18.824273360238 -19.9024379044189 -20.3290353258233 -21.1902211945517 -19.9787311720635 -20.2414592873833 -20.1538832489434 -20.0663072105034
-20.7977146891441 -19.6350687535267 -21.1626559639909 -20.8632972586636 -20.5520871892576 -21.0100137703076 -20.8573715766243 -20.7047293829409
-20.3430413140443 -21.1083123383667 -20.7689806763817 -19.7287175675651 -20.9132034799821 -20.8050363772818 -20.8410920781819 -20.877147779082
-22.4353987500402 -20.592659677614 -19.5742248062316 -20.7525150064691 -21.04555558439 -19.9420575007712 -20.3098901953108 -20.6777228898504
-19.0942496737492 -22.0482203780598 -20.546057118368 -19.9898753375323 -20.9442287097452 -20.6456000162123 -20.7451429140566 -20.8446858119009
-18.9206119780708 -19.1426451585739 -19.7382691657674 -19.3684579953329 -20.6121357405135 -19.9567358094539 -20.1752024531405 -20.393669096827
-18.2357225707006 -18.7207535424551 -19.0844917035039 -18.2169585307805 -20.0643786266704 -19.3294634342956 -19.5744351650872 -19.8194068958788
-17.6439671853005 -17.8766814423992 -17.9169134246623 -17.3387575841691 -19.3292345792555 -18.2699937133106 -18.6230740019589 -18.9761542906072
-17.9060501206741 -17.1006676952801 -17.0327918477235 -16.3113339308489 -18.4393231693588 -17.3844246781324 -17.7360575085412 -18.08769033895
-14.6427453634146 -17.4351967433593 -17.4326911023822 -17.4305051843411 -17.4362607629769 -17.4335835175309 -17.4344759326795 -17.4353683478282
-16.6550320526524 -14.664795439239 -14.664795439239 -14.5145485268234 -14.664795439239 -14.664795439239 -14.664795439239 -14.664795439239
-14.0587697301321 -15.2772767441458 -14.2888949718407 -13.2937178608747 -13.6963756083295 -14.1407651309629 -13.9926352900851 -13.8445054492073
-14.9583140657044 -13.0457644519603 -13.1244900362179 -10.6396798069499 -12.7579045689144 -13.032843669392 -12.9411973025661 -12.8495509357403
-12.4819724937464 -13.6541477019593 -10.5335295928176 -10.7406248482184 -11.9063003107036 -10.8767222722891 -11.2199149517606 -11.5631076312321
-11.8510687389455 -11.6484402707655 -10.7019454464522 -11.6232172347422 -11.1911676018292 -10.8242509852965 -10.9465565241407 -11.068862062985
-13.0927974712225 -11.1824344018045 -11.6583560316132 -8.98540630262872 -10.6582562964664 -11.4083310978265 -11.1583061640398 -10.9082812302531
-13.4047860490283 -12.2732795495024 -9.08991125841058 -10.8169037641348 -10.3394547557948 -9.40229713275665 -9.71468300710271 -10.0270688814488
-13.8746191532088 -12.6849193389569 -10.9807222173266 -11.4124586009015 -10.2500401439576 -10.7980516989844 -10.6153811806421 -10.4327106622999
-13.3462195638262 -13.2758155963933 -11.6301531580791 -11.0204632142525 -10.3967101503561 -11.3217924061484 -11.0134316542176 -10.7050709022868
-13.4315781200454 -13.1175279220225 -11.2818982529451 -13.1829080055573 -10.7746493163181 -11.1550860187884 -11.0282737846316 -10.9014615504749
-13.7320527536696 -13.4779591714238 -13.4755365436784 -14.7444937456081 -11.3674856049711 -12.9485238090016 -12.4215110743247 -11.8944983396479
-14.6542785269702 -14.0221179678091 -15.0499770566872 -15.0410581868211 -12.1438755186963 -14.3234516721895 -13.5969262876918 -12.870400903194
-16.1206409833473 -15.0600806335508 -15.3464708820398 -14.7043477196522 -13.0659966435421 -14.7763523224154 -14.206233762791 -13.6361152031666
-18.0392848011795 -16.5149721729372 -14.9944661575985 -18.3794055381214 -14.0885819267892 -14.7679950998962 -14.5415240421939 -14.3150529844915
-17.1530236612358 -18.29879660314 -18.639197011441 -18.353330762132 -15.1606417630055 -17.7695581993321 -16.8999193872232 -16.0302805751144
-20.157287464645 -17.8095986044644 -18.5681150102525 -18.31275750151 -16.2269934083465 -17.982834609776 -17.3975542092995 -16.812273808823
-21.913546263261 -20.3608533779367 -18.4776407113742 -20.4972799935441 -17.2389098382497 -18.1679579930931 -17.858275274812 -17.5485925565309
-20.5076957786057 -21.8641095794631 -20.6054902438469 -19.4778674169268 -18.1509138800061 -19.9918461528867 -19.3782020619265 -18.7645579709663
-21.7616797704302 -20.7908809732526 -19.5213455444789 -21.8501153792951 -18.9188225681079 -19.3707148003861 -19.2200840562934 -19.0694533122006
-22.251360054597 -21.7567180663509 -21.8198775817949 -23.1134161875519 -19.498556323257 -21.2395472671605 -20.659216952526 -20.0788866378915
-20.6666781454035 -22.0419486374723 -23.0096798829717 -23.2591736278688 -19.8553189090145 -22.2210896394824 -21.4324993959931 -20.6439091525038
-21.4625915549501 -20.6173021612298 -23.0932847351555 -22.1194142730335 -19.9728166112617 -22.3131677041821 -21.5330506732086 -20.7529336422352
-20.0233296265815 -21.0308621215007 -21.9007577397059 -19.3938853514978 -19.8474918203443 -21.3874412598655 -20.8741247800251 -20.3608083001847
-22.5317156423695 -19.630488665737 -19.1367582826009 -21.2951190980477 -19.4908157315108 -19.2252726448284 -19.3137870070558 -19.4023013692833
-19.0125833982616 -21.338473812628 -21.0106224090107 -20.3007603742125 -18.9230011544623 -20.4887170953736 -19.9668117817365 -19.4449064680994
-21.0870108971761 -18.2453706453309 -20.003003310139 -17.0275269513126 -18.1742129397511 -19.545805717542 -19.0886081249451 -18.6314105323481
-19.6794163832252 -19.5890163478471 -16.7233963205526 -17.1355916193683 -17.2752986882172 -16.8613719124688 -16.9993475043849 -17.1373230963011
-16.2159760500109 -16.2711833546239 -16.2678291506262 -16.2630436149608 -16.2663865091863 -16.2674684902662 -16.2671078299063 -16.2667471695463
