1.77349433081202 1.77741195516573 1.91860655901314 2.32464180178608 1.66424826180909 1.71773200512693 1.93786318511926 NA
-18.4047920769803 -17.9827966512749 -17.9827966512749 -19.340852061631 -17.9827966512749 -17.9827966512749 -17.9827966512749 -17.9827966512749
-18.8291149181803 -17.4141506647675 -19.1147544605638 -16.59187589007 -17.0789477832053 -18.6058027912241 -18.0968511218845 -17.5878994525449
-15.876220853445 -17.5808221788607 -16.4214957907596 -14.1860501088129 -16.1906150080635 -16.3637755950855 -16.3060553994115 -16.2483352037375
-13.8405578231366 -15.1287249278213 -14.0795199875426 -14.6337878380305 -15.3784570816671 -14.4042542610737 -14.7289885346048 -15.0537228081359
-14.6408351335934 -13.4731566400287 -14.5952041715962 -14.4776990858422 -14.694753443241 -14.6200914895074 -14.6449788074186 -14.6698661253298
-13.433345088583 -14.1385107779943 -14.5073703605027 -15.3235746541904 -14.181339613716 -14.425862673806 -14.3443549871094 -14.2628473004127
-14.5198360391321 -13.2822757436685 -15.4264830557649 -14.1902128600179 -13.8764289144008 -15.0389695204239 -14.6514559850828 -14.2639424497418
-15.0148002857522 -14.3138772439006 -14.3587839214565 -14.6202370382468 -13.8028007983038 -14.2197881406683 -14.0807923598801 -13.9417965790919
-14.0300477486742 -14.9392515822257 -14.8524473003026 -14.9862221127191 -13.9765261688741 -14.6334670174455 -14.4144867345883 -14.1955064517312
-15.4478089904308 -14.4303803703194 -15.2595676452302 -15.1817226268488 -14.3878666683171 -15.0416424010019 -14.8237171567737 -14.6057919125454
-15.0121735281475 -15.8537740245473 -15.4789484966517 -16.3629677105962 -15.0118319109132 -15.3621693502171 -15.2453902037824 -15.1286110573478
-15.8495628405752 -15.8188938295525 -16.6741250633402 -16.2382028027928 -15.8186224733378 -16.4602494158396 -16.246373768339 -16.0324981208384
-18.2700249871912 -16.7919370119417 -16.5460840108643 -19.63057096837 -16.7673602046523 -16.6014030593113 -16.6567221077583 -16.7120411562053
-18.8711895644561 -19.0085439416812 -19.9245364739711 -20.7524473979494 -17.8149348775848 -19.3971360748745 -18.8697356757779 -18.3423352766814
-19.1638468178169 -19.7498409285267 -21.0162223873572 -21.5851742587227 -18.910828007685 -20.4898737924391 -19.9635251975211 -19.437176602603
-19.6818213219154 -20.2011203591417 -21.8039877698965 -21.7950801347367 -20.0001403743376 -21.3530259210067 -20.902064072117 -20.4511022232273
-22.4862893846792 -20.7763975491107 -21.9589155512329 -20.9622231801145 -21.0292473601003 -21.7264985034498 -21.4940814556666 -21.2616644078835
-23.3642390823369 -23.1048636782367 -21.0630211436046 -22.3304562584467 -21.9474940589338 -21.2841393724369 -21.5052576012692 -21.7263758301015
-23.7930613130475 -23.8345470718382 -22.3627594185311 -24.2245493351044 -22.709186498344 -22.4493661884843 -22.5359729584376 -22.6225797283908
-22.636633454303 -24.1415972179976 -24.1909738757329 -24.8027332611739 -23.2806448497721 -23.9633916192427 -23.7358093627525 -23.5082271062623
-24.724978489181 -23.1306925791021 -24.7104119219009 -23.1873115472096 -23.6422490140074 -24.4433711949275 -24.1763304679542 -23.9092897409808
-24.4959046457555 -24.6377626865483 -23.0355502296059 -23.6954080458524 -23.7777200938498 -23.2210926956669 -23.4066351617278 -23.5921776277888
-23.7310866340111 -24.2447762515499 -23.4843814325236 -23.7677338709018 -23.6743019842283 -23.5318615704498 -23.579341708376 -23.6268218463021
-24.1775248113389 -23.3710379144541 -23.5015120749603 -22.7258142631834 -23.3259322638327 -23.4576171221784 -23.4137221693965 -23.3698272166146
-22.5141039412285 -23.4236905220657 -22.4238484214847 -20.8219664671568 -22.7472465171008 -22.5046979453887 -22.5855474692927 -22.6663969931967
-21.5405722654269 -21.7846468915681 -20.5042250000175 -20.7782094182227 -21.9698386222998 -20.8706284055881 -21.2370318111587 -21.6034352167292
-20.0247276019764 -20.6966069917596 -20.4634732159018 -19.379283986609 -21.037585379241 -20.6070012567366 -20.7505292975714 -20.8940573384062
-18.6274196482727 -19.9999642088351 -19.9996797507849 -19.997592455171 -20.0019851257885 -20.0002560945358 -20.0008324382867 -20.0014087820376
-10.3923190073772 -9.23328007011401 -9.23328007011401 -9.18009339024502 -9.23328007011401 -9.23328007011401 -9.23328007011401 -9.23328007011401
-8.1786152969502 -9.34521902542387 -8.95999583360659 -8.28989321372825 -8.42456167241094 -8.82613729330768 -8.69227875300876 -8.55842021270985
-7.32176378328365 -7.42142762271325 -8.12450917152366 -8.79796201634238 -7.61678977296981 -7.9975793218852 -7.87064947224674 -7.74371962260827
-7.88006361265162 -6.63232687071182 -8.68948261461254 -7.61106130204744 -6.86667434429702 -8.23378054703366 -7.77807847945478 -7.3223764118759
-6.40108287062698 -7.02968747848244 -7.56494859190933 -6.23722070565877 -6.2247237698618 -7.22989238639744 -6.89483618088556 -6.55977997537368
-5.35115326794006 -5.88182879872775 -6.26415818790772 -4.04617134576131 -5.74174178553937 -6.13355408731563 -6.00294998672354 -5.87234588613146
-5.1660640219991 -5.14305204211348 -4.14138331703412 -6.55895666990336 -5.45330752980172 -4.46936437022602 -4.79734542341792 -5.12532647660982
-5.8653377145625 -5.15922861691494 -6.72215485869955 -4.22259143816444 -5.38739424540381 -6.38846470537561 -6.05477455205168 -5.72108439872774
-5.43575511062695 -5.94004218810486 -4.44795217155134 -6.52539505319323 -5.56039819595004 -4.72606367765102 -5.00417518375069 -5.28228668985037
-6.09268335218584 -5.87389306975086 -6.8004755262916 -7.85296245198282 -5.97290059168614 -6.59358179264024 -6.38668805898887 -6.1797943253375
-8.2785798411614 -6.69564948419634 -8.15290221597031 -7.55914296976456 -6.60050265549821 -7.76480232585228 -7.37670243573426 -6.98860254561624
-9.73538448066083 -8.74526197711804 -7.87243616330829 -9.91073084865521 -7.41231788849911 -7.757406594606 -7.6423770259037 -7.5273474572014
-10.9507319436108 -10.2152904221342 -10.2235782360397 -10.1663496255538 -8.37001303683545 -9.76018693623862 -9.29679563643756 -8.83340433663651
-10.9656793351719 -11.4756837903011 -10.461358188899 -12.0954084525531 -9.42574589676267 -10.2024551158649 -9.94355204283083 -9.68464896979675
-12.9017913310647 -11.7490143045615 -12.3568658316611 -12.005021332859 -10.525801694837 -11.899099797455 -11.441333763249 -10.983567729043
-12.5967122919459 -13.5037789570131 -12.2218775613846 -14.5297420813404 -11.6164633035452 -12.0705239969247 -11.9191704324649 -11.767816868005
-14.4706403077816 -13.4262608834487 -14.6945569023706 -14.9693346790663 -12.6476214349021 -14.1828230355035 -13.6710891686363 -13.1593553017692
-16.2245154741568 -15.0167314168251 -15.0712912796235 -14.7963501138356 -13.5686560536616 -14.6956324731331 -14.3199736666426 -13.9443148601521
-15.036275148351 -16.4502320240811 -14.8366981562581 -14.3607409694302 -14.3406078989233 -14.7126755919244 -14.5886530275907 -14.464630463257
-13.9779403972527 -15.4816913212724 -14.336053107047 -16.001430630731 -14.9291031830791 -14.484315626055 -14.632578145063 -14.780840664071
-16.4230843378143 -14.5491280329367 -15.9095325169825 -16.3816034271956 -15.3046634895376 -15.7583152601213 -15.6070980032601 -15.4558807463988
-16.1616254568401 -16.3384552910212 -16.2286838153271 -15.0650517434555 -15.4500620329307 -16.034028369728 -15.8393729241289 -15.6447174785298
-14.9671632360629 -15.9161766001244 -14.8504572239359 -15.3292150156398 -15.3509616817161 -14.975583338381 -15.100709452826 -15.225835567271
-15.3327417783318 -14.6983307716568 -15.060164254447 -15.3350964506049 -15.0031927134824 -15.0459213692059 -15.0316784839647 -15.0174355987236
-13.7732190059946 -14.688987635349 -15.0353639561636 -13.9741472889983 -14.4272175084122 -14.8833273442257 -14.7312907322879 -14.57925412035
-13.9585600440436 -13.1367176692319 -13.6606502936441 -13.1562742650701 -13.6562071451696 -13.6595395065255 -13.6584287194069 -13.6573179322882
-12.8663435810555 -12.9681916846779 -12.8405266609407 -11.2824472135639 -12.7280242402516 -12.8124010557684 -12.7842754505961 -12.7561498454238
-10.2144094343 -11.6917887675974 -11.6897336272818 -11.6860184015901 -11.6915127842292 -11.6901784165186 -11.6906232057555 -11.6910679949924
-18.6023365200917 -19.0251786023764 -19.0251786023764 -18.7118854569527 -19.0251786023764 -19.0251786023764 -19.0251786023764 -19.0251786023764
-18.477652586942 -17.6865170501111 -18.4931985713919 -17.7737558092676 -18.0223924548995 -18.3754970422688 -18.2577955131457 -18.1400939840226
-16.9774690886149 -17.4254921219175 -17.6117708495912 -17.9454828279673 -17.0638661448919 -17.4747946734164 -17.3378184972416 -17.2008423210667
-18.7359248112829 -16.1321442230513 -17.8437730390897 -16.4785266278331 -16.2007718442492 -17.4330227403796 -17.0222724416694 -16.6115221429593
-14.957920943107 -17.4857536156292 -16.4353449903833 -13.4004641338414 -15.4720100345693 -16.1945112514298 -15.9536775124763 -15.7128437735228
-16.5824645699432 -14.5037424522842 -13.4194281138861 -14.7703213023187 -14.9120979327965 -13.7925955686137 -14.1657630233413 -14.5389304780689
-15.5863777371796 -15.8817251089628 -14.8578830876599 -16.7530564366328 -14.5549057267357 -14.7821387474289 -14.7063944071978 -14.6306500669668
-16.2296388378737 -15.2447042399701 -16.9072554631412 -15.2180699279865 -14.4253768987467 -16.2867858220426 -15.666316180944 -15.0458465398454
-15.6538888479428 -15.9739901296217 -15.4363953630569 -15.6352282038814 -14.5408139285347 -15.2125000044264 -14.9886046457958 -14.7647092871653
-17.4008355136612 -15.7882175255796 -15.9067900729836 -15.8657253937821 -14.9040706897303 -15.6561102271703 -15.405430381357 -15.1547505355436
-17.8725956499388 -17.483397845998 -16.1732566530629 -17.8367737432175 -15.5001470508832 -16.004979252518 -15.8367018519731 -15.6684244514281
-17.9574211690616 -18.1782276261802 -18.156871127137 -18.2023053407569 -16.2937247185183 -17.6910845249824 -17.2252979228277 -16.759511320673
-18.8865029693616 -18.5599157463794 -18.5166141560917 -19.0828137281393 -17.2383946817022 -18.1970592874943 -17.8775044188969 -17.5579495502996
-19.7436428038135 -19.596710654948 -19.3816127303613 -19.0975174251669 -18.2875717081771 -19.1081024748153 -18.8345922192692 -18.5610819637232
-22.5565696182315 -20.5468117766569 -19.3667681752637 -21.1997760012805 -19.390213393627 -19.3726294798545 -19.3784907844454 -19.3843520890362
-23.2489624323883 -23.0048922453386 -21.423469279057 -24.2413077138149 -20.4897660949403 -21.1900434830278 -20.9566176869986 -20.7231918909695
-22.5811683600781 -23.7183947136685 -24.4048230203398 -23.120023972332 -21.5266871576856 -23.6852890546762 -22.9657550890127 -22.2462211233492
-24.5997140734014 -23.2841834348013 -23.2162603800824 -24.2527231053193 -22.446579242755 -23.0238400957505 -22.8314198114187 -22.6389995270868
-23.7106294211263 -24.9131968581184 -24.278348675462 -25.3679988970091 -23.2029010689677 -24.0094867738384 -23.7406248722148 -23.4717629705912
-25.8672011323307 -24.1660659509365 -25.3270930321893 -24.7372045751124 -23.7627629852468 -24.9360105204537 -24.5449280087181 -24.1538454969825
-24.122637832821 -25.7798859603202 -24.6379987840789 -26.1797678743556 -24.1082713218607 -24.5055669185243 -24.3731350529698 -24.2407031874152
-23.8050890417197 -24.2440032034772 -26.0296410035769 -24.6996636031322 -24.232591478187 -25.5803786222294 -25.131116240882 -24.6818538595345
-24.113701924029 -23.7881955802797 -24.4960939506089 -24.416378241855 -24.1277728359791 -24.4040136719515 -24.311933393294 -24.2198531146366
-23.7206371998652 -23.7745396984884 -24.1575824340458 -23.1785318875047 -23.7857166211387 -24.064615980819 -23.9716495275922 -23.8786830743655
-21.8890362258009 -23.1623250192937 -22.8785396167874 -24.3529595682019 -23.2140194411107 -22.9624095728682 -23.046279528949 -23.1301494850299
-22.6387274530061 -21.3884623315797 -24.0339892489357 -23.0810284988938 -22.440933910036 -23.6357254142108 -23.2374615794859 -22.839197744761
-22.9330094764347 -21.6684040563962 -22.7654693146161 -18.9795372209763 -21.511291060569 -22.4519247511043 -22.1383801875925 -21.8248356240807
-19.86838520715 -20.4823340555057 -20.4749927575544 -20.4765064761264 -20.4794973543281 -20.4761189067478 -20.4772450559412 -20.4783712051346
-15.0014715555955 -14.9263161575229 -14.9263161575229 -15.105117126965 -14.9263161575229 -14.9263161575229 -14.9263161575229 -14.9263161575229
-14.8213612763709 -14.6976875941107 -14.8796437696304 -14.161595530201 -14.6379895394298 -14.8192302120802 -14.7588166545301 -14.6984030969799
-12.3395703856523 -14.3927402311032 -13.9997148473456 -13.9753020118379 -14.2470828830004 -14.0615568562593 -14.123398865173 -14.1852408740867
-11.4556497032178 -12.3256739851105 -13.8795923430244 -12.4127388688427 -13.8408650198435 -13.8699105122292 -13.860228681434 -13.8505468506387
-11.0572567331237 -11.5878763003267 -12.3770643393735 -14.2059334882304 -13.4825201722194 -12.653428297585 -12.9297922557964 -13.2061562140079
-10.3300329237934 -11.294459543147 -14.2289715157121 -11.4138247908621 -13.2209147694652 -13.9769573291504 -13.7249431425887 -13.472928956027
-9.60705614177791 -10.8071373991575 -11.5041570515874 -11.9636611900115 -13.1034464724265 -11.9039794067972 -12.303801762007 -12.7036241172167
-11.4060869063243 -10.398264675057 -12.129069336916 -11.3238213025979 -13.1755462343081 -12.390688561264 -12.6523077856121 -12.9139270099601
-11.9389526159239 -12.0584043293304 -11.5549400254545 -11.2792772946663 -13.4639358337442 -12.032188977527 -12.5094379295994 -12.9866868816718
-12.0425877592164 -12.7575102399935 -11.555112926878 -11.5058637410821 -13.9688474673889 -12.1585465620057 -12.7619801971335 -13.3654138322612
-15.1899128770608 -13.1409309333799 -11.8069641140416 -13.575955300441 -14.6710134069931 -12.5229764372794 -13.2389887605173 -13.9550010837552
-12.7957970049518 -15.9573054749681 -13.8923206370684 -14.2765565695295 -15.5451289749099 -14.3055227215288 -14.7187248059891 -15.1319268904495
-15.6076296855689 -14.3613621922737 -14.5823271212529 -15.7699677402645 -16.5452342026416 -15.0730538916001 -15.5637806619472 -16.0545074322944
-17.041306736879 -16.8808226245953 -16.0559100830514 -16.341025881356 -17.6255883655112 -16.4483296536664 -16.8407492242813 -17.2331687948963
-17.9793699647885 -18.281827765026 -16.6032208604547 -18.2009877886885 -18.7459391596792 -17.1389004352609 -17.674580010067 -18.2102595848731
-16.5559123383426 -19.2514970630469 -18.4255269788242 -18.53890303455 -19.8604046184184 -18.7842463887228 -19.1429657986213 -19.5016852085199
-19.1469514067366 -18.2858788389094 -18.7039773940321 -20.5904204258946 -20.910730358402 -19.2556656351246 -19.807353876217 -20.3590421173095
-20.0803527821222 -20.4439723775323 -20.6903784752185 -21.2718159378313 -21.8449917986526 -20.979031806077 -21.2676851369356 -21.5563384677941
-20.8921287191776 -21.2203790255216 -21.3067955190213 -20.9577387708733 -22.6220816204478 -21.6356170443779 -21.9644385697346 -22.2932600950912
-21.8636744967522 -21.8345840354898 -20.9271272337686 -20.2763577291203 -23.2087344697119 -21.4975290427544 -22.0679308517403 -22.6383326607261
-22.4266844006724 -22.5114830882743 -20.1815305394502 -22.0621163123091 -23.5799022021937 -21.031123455136 -21.8807163708219 -22.7303092865078
-21.2724818218464 -22.8050679141512 -21.9084864750728 -22.8074482010633 -23.7211013746862 -22.3616401999762 -22.8147939248795 -23.2679476497829
-22.7386408793632 -21.68213582508 -22.6013318089451 -20.5951039473997 -23.6271434719986 -22.8577847247085 -23.1142376404718 -23.3706905562352
-18.1220468370632 -22.5839124962919 -20.3322690826292 -21.4604671453144 -23.2896751922478 -21.0716206100339 -21.8109721374385 -22.5503236648432
-16.4517750901653 -18.6112326998177 -21.154878344899 -21.3350582032411 -22.7160258089026 -21.5451652108999 -21.9354520769008 -22.3257389429017
-18.6096546100426 -16.9646010132555 -21.0151705249022 -19.4511678599866 -21.9404722285404 -21.2464959508117 -21.4778213767213 -21.7091468026308
-16.9159290429661 -18.3621327240663 -19.1346349410255 -17.0319727849382 -21.0078952031561 -19.6029500065582 -20.0712650720908 -20.5395801376235
-15.4867791623843 -19.9673602818927 -19.9673984979857 -19.9635483625339 -19.9755248277662 -19.9694300804309 -19.971461662876 -19.9734932453211
