"x"
1.4997117614889
0.49994580282072
1.90012726246844
0.575870585924755
0.63657367343961
0.00116106974355565
8.92355175043066
10.0472951605598
13.3009853330636
0.138691432642909
2.03805106096212
0.0462602846693902
0.0769536322593945
0.782111587073969
1.91408150390542
2.71914333648827
3.28456903077307
4.21697354638109
4.71153223643189
4.71630833979059
4.19739000370761
3.81201129614657
3.55392990903734
2.91720715073526
1.61125654910614
0.711789348057025
0.367390695990756
-1.01689837071533
-2.50771215693749
-3.32390184028812
-4.3593389691813
-5.16014337478525
-5.53875062676628
-5.54267980337654
-5.45423376403513
-4.65904936880696
-3.99635257481011
-3.68805534424561
-2.50361431994779
-1.64079227560462
-0.454875330262605
2.80954249358674
2.52530095782972
2.12834972781673
1.97395077611826
1.35483946048039
0.708820454071492
0.0784159389376872
-1.04808007225313
-1.99337984812784
-2.34332624696864
-2.74836723368839
-2.94821757023247
-2.76356310233559
-2.6787644389536
-2.98632253763987
-3.22935469283428
-3.11580840069201
-2.88865686954963
-1.77705017165683
-0.702478506299127
-0.375889605382404
0.348872879728136
1.16189197942862
1.58940673689077
1.94345717618008
2.70315847535254
3.19858211636833
2.27950475408556
