1 1 1 2 55
2 1 3 3 55
3 1 5 4 55
4 1 7 5 55
5 1 9 6 55
6 1 11 5 55
7 1 13 3 55
8 1 15 0 55
9 1 17 0 55
10 1 19 -3 55
11 1 21 -5 55
12 1 23 -3 55
13 1 25 -4 55
14 1 27 -2 55
15 1 29 -3 55
16 1 31 1 55
17 1 33 4 55
18 1 35 5 55
19 1 37 7 55
20 1 39 7 55
21 1 41 5 55
22 1 43 2 55
23 1 45 2 55
24 1 47 -1 55
25 1 49 -3 55
26 1 51 -4 55
27 1 53 -5 55
28 1 55 -3 55
29 1 57 -3 55
30 1 59 0 55
31 2 1 8 40
32 2 3 11 40
33 2 5 12 40
34 2 7 11 40
35 2 9 10 40
36 2 11 10 40
37 2 13 8 40
38 2 15 6 40
39 2 17 3 40
40 2 19 3 40
41 2 21 2 40
42 2 23 2 40
43 2 25 2 40
44 2 27 4 40
45 2 29 5 40
46 2 31 8 40
47 2 33 8 40
48 2 35 10 40
49 2 37 13 40
50 2 39 12 40
51 2 41 9 40
52 2 43 8 40
53 2 45 7 40
54 2 47 5 40
55 2 49 2 40
56 2 51 2 40
57 2 53 1 40
58 2 55 3 40
59 2 57 4 40
60 2 59 6 40
61 3 1 8 42
62 3 3 8 42
63 3 5 12 42
64 3 7 11 42
65 3 9 11 42
66 3 11 11 42
67 3 13 8 42
68 3 15 6 42
69 3 17 5 42
70 3 19 4 42
71 3 21 1 42
72 3 23 3 42
73 3 25 4 42
74 3 27 4 42
75 3 29 5 42
76 3 31 6 42
77 3 33 10 42
78 3 35 9 42
79 3 37 12 42
80 3 39 12 42
81 3 41 11 42
82 3 43 9 42
83 3 45 5 42
84 3 47 4 42
85 3 49 2 42
86 3 51 1 42
87 3 53 1 42
88 3 55 2 42
89 3 57 3 42
90 3 59 4 42
91 4 1 -1 60
92 4 3 -1 60
93 4 5 0 60
94 4 7 4 60
95 4 9 2 60
96 4 11 3 60
97 4 13 0 60
98 4 15 -3 60
99 4 17 -3 60
100 4 19 -4 60
101 4 21 -7 60
102 4 23 -7 60
103 4 25 -7 60
104 4 27 -4 60
105 4 29 -3 60
106 4 31 -1 60
107 4 33 2 60
108 4 35 3 60
109 4 37 3 60
110 4 39 1 60
111 4 41 1 60
112 4 43 2 60
113 4 45 -4 60
114 4 47 -5 60
115 4 49 -4 60
116 4 51 -8 60
117 4 53 -9 60
118 4 55 -7 60
119 4 57 -5 60
120 4 59 -4 60
121 5 1 8 40
122 5 3 8 40
123 5 5 9 40
124 5 7 12 40
125 5 9 11 40
126 5 11 12 40
127 5 13 9 40
128 5 15 6 40
129 5 17 3 40
130 5 19 3 40
131 5 21 2 40
132 5 23 1 40
133 5 25 3 40
134 5 27 3 40
135 5 29 7 40
136 5 31 6 40
137 5 33 10 40
138 5 35 12 40
139 5 37 11 40
140 5 39 9 40
141 5 41 12 40
142 5 43 9 40
143 5 45 6 40
144 5 47 5 40
145 5 49 2 40
146 5 51 2 40
147 5 53 3 40
148 5 55 3 40
149 5 57 5 40
150 5 59 6 40
151 6 1 2 56
152 6 3 2 56
153 6 5 3 56
154 6 7 6 56
155 6 9 3 56
156 6 11 4 56
157 6 13 5 56
158 6 15 0 56
159 6 17 -3 56
160 6 19 -5 56
161 6 21 -4 56
162 6 23 -5 56
163 6 25 -5 56
164 6 27 -2 56
165 6 29 0 56
166 6 31 1 56
167 6 33 4 56
168 6 35 5 56
169 6 37 5 56
170 6 39 5 56
171 6 41 2 56
172 6 43 2 56
173 6 45 0 56
174 6 47 0 56
175 6 49 -3 56
176 6 51 -4 56
177 6 53 -6 56
178 6 55 -3 56
179 6 57 -2 56
180 6 59 -1 56
181 7 1 0 54
182 7 3 3 54
183 7 5 4 54
184 7 7 4 54
185 7 9 4 54
186 7 11 3 54
187 7 13 1 54
188 7 15 -1 54
189 7 17 -3 54
190 7 19 -4 54
191 7 21 -6 54
192 7 23 -6 54
193 7 25 -6 54
194 7 27 -4 54
195 7 29 -2 54
196 7 31 0 54
197 7 33 2 54
198 7 35 3 54
199 7 37 4 54
200 7 39 4 54
201 7 41 3 54
202 7 43 1 54
203 7 45 0 54
204 7 47 -3 54
205 7 49 -4 54
206 7 51 -7 54
207 7 53 -5 54
208 7 55 -4 54
209 7 57 -3 54
210 7 59 -3 54
211 8 1 3 45
212 8 3 6 45
213 8 5 5 45
214 8 7 7 45
215 8 9 6 45
216 8 11 4 45
217 8 13 3 45
218 8 15 2 45
219 8 17 -2 45
220 8 19 -2 45
221 8 21 -2 45
222 8 23 -5 45
223 8 25 -4 45
224 8 27 -2 45
225 8 29 2 45
226 8 31 1 45
227 8 33 4 45
228 8 35 5 45
229 8 37 7 45
230 8 39 5 45
231 8 41 3 45
232 8 43 2 45
233 8 45 0 45
234 8 47 -2 45
235 8 49 -2 45
236 8 51 -3 45
237 8 53 -6 45
238 8 55 -4 45
239 8 57 -2 45
240 8 59 -2 45
241 9 1 -1 60
242 9 3 -1 60
243 9 5 4 60
244 9 7 3 60
245 9 9 2 60
246 9 11 3 60
247 9 13 0 60
248 9 15 -2 60
249 9 17 -3 60
250 9 19 -6 60
251 9 21 -5 60
252 9 23 -5 60
253 9 25 -6 60
254 9 27 -5 60
255 9 29 -3 60
256 9 31 -4 60
257 9 33 2 60
258 9 35 2 60
259 9 37 3 60
260 9 39 3 60
261 9 41 1 60
262 9 43 0 60
263 9 45 -2 60
264 9 47 -6 60
265 9 49 -6 60
266 9 51 -7 60
267 9 53 -7 60
268 9 55 -6 60
269 9 57 -6 60
270 9 59 -4 60
271 10 1 8 37
272 10 3 8 37
273 10 5 11 37
274 10 7 11 37
275 10 9 13 37
276 10 11 12 37
277 10 13 8 37
278 10 15 7 37
279 10 17 5 37
280 10 19 1 37
281 10 21 1 37
282 10 23 1 37
283 10 25 3 37
284 10 27 4 37
285 10 29 5 37
286 10 31 7 37
287 10 33 10 37
288 10 35 12 37
289 10 37 12 37
290 10 39 11 37
291 10 41 11 37
292 10 43 8 37
293 10 45 8 37
294 10 47 5 37
295 10 49 3 37
296 10 51 0 37
297 10 53 -1 37
298 10 55 3 37
299 10 57 4 37
300 10 59 6 37
301 11 1 3 48
302 11 3 5 48
303 11 5 7 48
304 11 7 6 48
305 11 9 8 48
306 11 11 6 48
307 11 13 3 48
308 11 15 4 48
309 11 17 1 48
310 11 19 -1 48
311 11 21 -3 48
312 11 23 -2 48
313 11 25 -1 48
314 11 27 0 48
315 11 29 1 48
316 11 31 4 48
317 11 33 5 48
318 11 35 7 48
319 11 37 5 48
320 11 39 5 48
321 11 41 5 48
322 11 43 3 48
323 11 45 2 48
324 11 47 -1 48
325 11 49 -2 48
326 11 51 -2 48
327 11 53 -3 48
328 11 55 0 48
329 11 57 -1 48
330 11 59 0 48
331 12 1 2 53
332 12 3 3 53
333 12 5 5 53
334 12 7 6 53
335 12 9 6 53
336 12 11 5 53
337 12 13 3 53
338 12 15 1 53
339 12 17 0 53
340 12 19 -2 53
341 12 21 -2 53
342 12 23 -2 53
343 12 25 -3 53
344 12 27 -1 53
345 12 29 0 53
346 12 31 2 53
347 12 33 3 53
348 12 35 7 53
349 12 37 6 53
350 12 39 8 53
351 12 41 5 53
352 12 43 4 53
353 12 45 2 53
354 12 47 -1 53
355 12 49 -2 53
356 12 51 -3 53
357 12 53 -1 53
358 12 55 -3 53
359 12 57 2 53
360 12 59 0 53
361 13 1 7 39
362 13 3 10 39
363 13 5 10 39
364 13 7 12 39
365 13 9 10 39
366 13 11 10 39
367 13 13 8 39
368 13 15 7 39
369 13 17 4 39
370 13 19 3 39
371 13 21 0 39
372 13 23 1 39
373 13 25 3 39
374 13 27 2 39
375 13 29 5 39
376 13 31 6 39
377 13 33 11 39
378 13 35 11 39
379 13 37 11 39
380 13 39 11 39
381 13 41 13 39
382 13 43 9 39
383 13 45 5 39
384 13 47 2 39
385 13 49 3 39
386 13 51 2 39
387 13 53 1 39
388 13 55 3 39
389 13 57 3 39
390 13 59 3 39
391 14 1 8 41
392 14 3 9 41
393 14 5 11 41
394 14 7 12 41
395 14 9 11 41
396 14 11 10 41
397 14 13 8 41
398 14 15 4 41
399 14 17 4 41
400 14 19 2 41
401 14 21 1 41
402 14 23 1 41
403 14 25 1 41
404 14 27 3 41
405 14 29 7 41
406 14 31 6 41
407 14 33 8 41
408 14 35 10 41
409 14 37 10 41
410 14 39 11 41
411 14 41 9 41
412 14 43 7 41
413 14 45 6 41
414 14 47 4 41
415 14 49 2 41
416 14 51 0 41
417 14 53 1 41
418 14 55 0 41
419 14 57 1 41
420 14 59 4 41
421 15 1 10 35
422 15 3 11 35
423 15 5 14 35
424 15 7 13 35
425 15 9 13 35
426 15 11 11 35
427 15 13 10 35
428 15 15 8 35
429 15 17 6 35
430 15 19 4 35
431 15 21 4 35
432 15 23 5 35
433 15 25 5 35
434 15 27 5 35
435 15 29 8 35
436 15 31 9 35
437 15 33 9 35
438 15 35 13 35
439 15 37 14 35
440 15 39 11 35
441 15 41 11 35
442 15 43 9 35
443 15 45 7 35
444 15 47 5 35
445 15 49 4 35
446 15 51 4 35
447 15 53 4 35
448 15 55 5 35
449 15 57 5 35
450 15 59 7 35
451 16 1 6 48
452 16 3 6 48
453 16 5 8 48
454 16 7 8 48
455 16 9 7 48
456 16 11 6 48
457 16 13 7 48
458 16 15 4 48
459 16 17 3 48
460 16 19 0 48
461 16 21 -2 48
462 16 23 -1 48
463 16 25 -3 48
464 16 27 -2 48
465 16 29 3 48
466 16 31 5 48
467 16 33 7 48
468 16 35 7 48
469 16 37 8 48
470 16 39 8 48
471 16 41 6 48
472 16 43 5 48
473 16 45 5 48
474 16 47 2 48
475 16 49 -1 48
476 16 51 -1 48
477 16 53 -1 48
478 16 55 0 48
479 16 57 0 48
480 16 59 3 48
481 17 1 4 38
482 17 3 9 38
483 17 5 8 38
484 17 7 10 38
485 17 9 13 38
486 17 11 8 38
487 17 13 6 38
488 17 15 5 38
489 17 17 3 38
490 17 19 2 38
491 17 21 0 38
492 17 23 0 38
493 17 25 -1 38
494 17 27 3 38
495 17 29 4 38
496 17 31 5 38
497 17 33 9 38
498 17 35 10 38
499 17 37 10 38
500 17 39 10 38
501 17 41 8 38
502 17 43 6 38
503 17 45 6 38
504 17 47 4 38
505 17 49 1 38
506 17 51 1 38
507 17 53 -1 38
508 17 55 0 38
509 17 57 0 38
510 17 59 2 38
511 18 1 7 41
512 18 3 10 41
513 18 5 8 41
514 18 7 12 41
515 18 9 13 41
516 18 11 11 41
517 18 13 9 41
518 18 15 8 41
519 18 17 6 41
520 18 19 4 41
521 18 21 1 41
522 18 23 3 41
523 18 25 2 41
524 18 27 5 41
525 18 29 6 41
526 18 31 9 41
527 18 33 10 41
528 18 35 11 41
529 18 37 12 41
530 18 39 12 41
531 18 41 12 41
532 18 43 9 41
533 18 45 9 41
534 18 47 6 41
535 18 49 4 41
536 18 51 2 41
537 18 53 2 41
538 18 55 3 41
539 18 57 5 41
540 18 59 4 41
541 19 1 4 51
542 19 3 4 51
543 19 5 6 51
544 19 7 8 51
545 19 9 6 51
546 19 11 6 51
547 19 13 4 51
548 19 15 3 51
549 19 17 1 51
550 19 19 -2 51
551 19 21 -3 51
552 19 23 -2 51
553 19 25 0 51
554 19 27 0 51
555 19 29 0 51
556 19 31 2 51
557 19 33 5 51
558 19 35 8 51
559 19 37 8 51
560 19 39 6 51
561 19 41 6 51
562 19 43 4 51
563 19 45 3 51
564 19 47 1 51
565 19 49 -1 51
566 19 51 -2 51
567 19 53 -1 51
568 19 55 -3 51
569 19 57 -2 51
570 19 59 2 51
571 20 1 8 37
572 20 3 10 37
573 20 5 12 37
574 20 7 13 37
575 20 9 14 37
576 20 11 12 37
577 20 13 9 37
578 20 15 7 37
579 20 17 4 37
580 20 19 3 37
581 20 21 3 37
582 20 23 2 37
583 20 25 4 37
584 20 27 4 37
585 20 29 7 37
586 20 31 10 37
587 20 33 11 37
588 20 35 10 37
589 20 37 12 37
590 20 39 11 37
591 20 41 11 37
592 20 43 8 37
593 20 45 6 37
594 20 47 5 37
595 20 49 5 37
596 20 51 2 37
597 20 53 2 37
598 20 55 2 37
599 20 57 5 37
600 20 59 6 37
601 21 1 8 39
602 21 3 12 39
603 21 5 12 39
604 21 7 14 39
605 21 9 12 39
606 21 11 12 39
607 21 13 9 39
608 21 15 11 39
609 21 17 6 39
610 21 19 5 39
611 21 21 4 39
612 21 23 3 39
613 21 25 4 39
614 21 27 5 39
615 21 29 7 39
616 21 31 10 39
617 21 33 12 39
618 21 35 13 39
619 21 37 12 39
620 21 39 13 39
621 21 41 11 39
622 21 43 9 39
623 21 45 9 39
624 21 47 7 39
625 21 49 6 39
626 21 51 3 39
627 21 53 5 39
628 21 55 3 39
629 21 57 6 39
630 21 59 8 39
631 22 1 7 46
632 22 3 7 46
633 22 5 8 46
634 22 7 9 46
635 22 9 10 46
636 22 11 8 46
637 22 13 6 46
638 22 15 6 46
639 22 17 2 46
640 22 19 1 46
641 22 21 -3 46
642 22 23 -2 46
643 22 25 0 46
644 22 27 1 46
645 22 29 1 46
646 22 31 4 46
647 22 33 6 46
648 22 35 8 46
649 22 37 9 46
650 22 39 10 46
651 22 41 9 46
652 22 43 7 46
653 22 45 3 46
654 22 47 2 46
655 22 49 1 46
656 22 51 1 46
657 22 53 0 46
658 22 55 0 46
659 22 57 0 46
660 22 59 3 46
661 23 1 -3 59
662 23 3 -2 59
663 23 5 0 59
664 23 7 3 59
665 23 9 3 59
666 23 11 -1 59
667 23 13 -1 59
668 23 15 -3 59
669 23 17 -4 59
670 23 19 -8 59
671 23 21 -8 59
672 23 23 -8 59
673 23 25 -8 59
674 23 27 -6 59
675 23 29 -7 59
676 23 31 -2 59
677 23 33 -1 59
678 23 35 1 59
679 23 37 1 59
680 23 39 2 59
681 23 41 1 59
682 23 43 -1 59
683 23 45 -3 59
684 23 47 -3 59
685 23 49 -8 59
686 23 51 -8 59
687 23 53 -10 59
688 23 55 -7 59
689 23 57 -6 59
690 23 59 -4 59
691 24 1 9 36
692 24 3 14 36
693 24 5 15 36
694 24 7 14 36
695 24 9 14 36
696 24 11 13 36
697 24 13 11 36
698 24 15 10 36
699 24 17 8 36
700 24 19 6 36
701 24 21 5 36
702 24 23 3 36
703 24 25 5 36
704 24 27 7 36
705 24 29 8 36
706 24 31 10 36
707 24 33 13 36
708 24 35 14 36
709 24 37 15 36
710 24 39 14 36
711 24 41 12 36
712 24 43 9 36
713 24 45 9 36
714 24 47 6 36
715 24 49 7 36
716 24 51 7 36
717 24 53 3 36
718 24 55 7 36
719 24 57 5 36
720 24 59 6 36
721 25 1 2 59
722 25 3 4 59
723 25 5 6 59
724 25 7 5 59
725 25 9 5 59
726 25 11 3 59
727 25 13 4 59
728 25 15 -2 59
729 25 17 -3 59
730 25 19 -4 59
731 25 21 -4 59
732 25 23 -3 59
733 25 25 -4 59
734 25 27 -3 59
735 25 29 -2 59
736 25 31 0 59
737 25 33 3 59
738 25 35 5 59
739 25 37 4 59
740 25 39 4 59
741 25 41 4 59
742 25 43 4 59
743 25 45 0 59
744 25 47 0 59
745 25 49 -2 59
746 25 51 -6 59
747 25 53 -4 59
748 25 55 -4 59
749 25 57 -2 59
750 25 59 0 59
751 26 1 4 48
752 26 3 5 48
753 26 5 6 48
754 26 7 9 48
755 26 9 8 48
756 26 11 5 48
757 26 13 4 48
758 26 15 3 48
759 26 17 1 48
760 26 19 0 48
761 26 21 -3 48
762 26 23 -2 48
763 26 25 -4 48
764 26 27 0 48
765 26 29 2 48
766 26 31 4 48
767 26 33 7 48
768 26 35 7 48
769 26 37 8 48
770 26 39 7 48
771 26 41 7 48
772 26 43 5 48
773 26 45 2 48
774 26 47 0 48
775 26 49 0 48
776 26 51 -3 48
777 26 53 -1 48
778 26 55 -1 48
779 26 57 -2 48
780 26 59 2 48
781 27 1 9 37
782 27 3 13 37
783 27 5 14 37
784 27 7 12 37
785 27 9 13 37
786 27 11 12 37
787 27 13 10 37
788 27 15 8 37
789 27 17 6 37
790 27 19 4 37
791 27 21 3 37
792 27 23 2 37
793 27 25 6 37
794 27 27 5 37
795 27 29 7 37
796 27 31 10 37
797 27 33 11 37
798 27 35 13 37
799 27 37 13 37
800 27 39 15 37
801 27 41 12 37
802 27 43 12 37
803 27 45 9 37
804 27 47 6 37
805 27 49 5 37
806 27 51 5 37
807 27 53 3 37
808 27 55 5 37
809 27 57 6 37
810 27 59 7 37
811 28 1 0 51
812 28 3 2 51
813 28 5 1 51
814 28 7 4 51
815 28 9 5 51
816 28 11 4 51
817 28 13 1 51
818 28 15 0 51
819 28 17 -5 51
820 28 19 -5 51
821 28 21 -6 51
822 28 23 -6 51
823 28 25 -4 51
824 28 27 -5 51
825 28 29 -3 51
826 28 31 -1 51
827 28 33 2 51
828 28 35 4 51
829 28 37 5 51
830 28 39 4 51
831 28 41 1 51
832 28 43 0 51
833 28 45 -1 51
834 28 47 -3 51
835 28 49 -5 51
836 28 51 -5 51
837 28 53 -7 51
838 28 55 -5 51
839 28 57 -4 51
840 28 59 -2 51
841 29 1 10 38
842 29 3 13 38
843 29 5 14 38
844 29 7 13 38
845 29 9 15 38
846 29 11 13 38
847 29 13 10 38
848 29 15 9 38
849 29 17 6 38
850 29 19 3 38
851 29 21 4 38
852 29 23 5 38
853 29 25 5 38
854 29 27 8 38
855 29 29 8 38
856 29 31 12 38
857 29 33 13 38
858 29 35 14 38
859 29 37 12 38
860 29 39 13 38
861 29 41 14 38
862 29 43 12 38
863 29 45 11 38
864 29 47 7 38
865 29 49 5 38
866 29 51 4 38
867 29 53 4 38
868 29 55 5 38
869 29 57 7 38
870 29 59 8 38
871 30 1 4 48
872 30 3 8 48
873 30 5 10 48
874 30 7 8 48
875 30 9 8 48
876 30 11 8 48
877 30 13 6 48
878 30 15 4 48
879 30 17 0 48
880 30 19 -1 48
881 30 21 0 48
882 30 23 -2 48
883 30 25 -1 48
884 30 27 2 48
885 30 29 3 48
886 30 31 3 48
887 30 33 6 48
888 30 35 9 48
889 30 37 7 48
890 30 39 6 48
891 30 41 9 48
892 30 43 7 48
893 30 45 4 48
894 30 47 0 48
895 30 49 0 48
896 30 51 0 48
897 30 53 -3 48
898 30 55 0 48
899 30 57 -1 48
900 30 59 2 48
